lat = -24.837976
scale = 127419.515625
lon = 121.296394
