lat = 0.0
scale = 77777.0
lon = 0.0 
neo_me_lat = -25.072447
neo_me_lon = 121.577286
